0
1
2
3 9
4 8
5
6
7
8
9
10 22 23
11
12
13
14
15
16
17
18
19 5
20 6 7
21
22
23
24
25
26 19 20 21
27
28
29
30
31
32
33
34
35
36
37
38
39
40
41 24
42 18
43
44 25
45 26
46
47
48
49
50
51
52
53
54
55
56 17
57 16
58
59
60
61 27 28
62
63
64
65 1
66 2 3
67
68
69
70
71
72 15
73
74
75
76
77 38
78
79
80
81
82 4
83
84 10
85
86
87
88 14
89
90 29
91
92
93 36 37
94 35
95
96
97
98
99
100
101
102
103
104 11 12 13
105
106
107 30
108
109 31 32 34
110 33
111
112
113
114
115
116
117
118
119
120
121
122
123
124
125
126
127
