35
1 Fence 128 716 17 42 
2 Fence 240 245 17 111 
3 Fence 240 564 17 193 
4 Fence 241 767 17 103 
5 Fence 336 881 17 24 
6 Fence 482 829 17 90 
7 Fence 433 469 17 248 
8 Fence 448 301 17 158 
9 Fence 447 244 17 49 
10 Fence 368 244 17 32 
11 Fence 624 436 17 25 
12 Fence 704 381 17 40 
13 Fence 768 348 17 28 
14 Fence 767 35 17 187 
15 Fence 928 293 17 27 
16 Fence 768 717 17 25 
17 Fence 864 717 17 25 
18 Fence 944 685 17 25 
19 Fence 912 853 17 63 
20 Fence 896 532 17 58 
21 Fence 960 468 17 49 
22 Fence 1121 700 17 219 
23 Fence 1120 493 17 200 
24 Fence 1120 222 17 106 
25 Fence 1248 333 17 43 
26 Fence 1329 774 17 49 
27 Fence 1249 712 17 45 
28 Fence 1392 231 17 33 
29 Fence 1520 300 17 74 
30 Fence 1536 2 17 210 
31 Fence 1712 123 17 253 
32 Fence 1776 1 17 532 
33 Fence 1776 552 17 65 
34 Fence 1648 743 17 33 
35 Fence 1920 631 17 225 
