0
1
2
3
4
5
6
7
8
9
10
11 30
12
13
14
15
16 1 2
17 35
18 8 36
19
20
21 14
22 42
23 21
24 47
25 48
26 27
27
28 62
29 33
30
31
32 7
33
34 37
35
36 15 40
37 16 17 41
38
39 22
40 26
41
42
43 28
44
45
46
47
48 3 6
49
50 9
51 13
52
53 44
54 43
55 23
56
57
58 58
59
60
61 32 61
62
63
64 4
65
66
67 10
68
69 18 19
70 20
71 24
72
73 49
74 56 57
75 29
76
77
78 60
79
80 5
81 38
82 11
83
84
85
86 45 46
87
88 50 51
89 52
90 55
91
92 34
93
94 59
95
96
97
98 12 39
99
100
101
102
103 25
104
105 53
106 54
107 31
108
109
110
111
112
113
114
115
116
117
118
119
120
121
122
123
124
125
126
127
