62
1 StoneBar 0 294 107 8 
2 StoneBar 129 237 143 8 
3 StoneBar 0 502 107 8 
4 StoneBar 0 709 145 8 
5 StoneBar 128 757 134 8 
6 StoneBar 128 556 145 8 
7 StoneBar 140 357 124 8 
8 StoneBar 441 293 119 8 
9 StoneBar 424 461 220 8 
10 StoneBar 450 709 335 8 
11 StoneBar 426 821 192 8 
12 StoneBar 449 917 489 8 
13 StoneBar 544 589 369 8 
14 StoneBar 769 221 144 8 
15 StoneBar 706 374 89 8 
16 StoneBar 769 341 142 8 
17 StoneBar 850 317 104 8 
18 StoneBar 759 741 131 8 
19 StoneBar 865 709 100 8 
20 StoneBar 944 678 66 8 
21 StoneBar 1098 214 166 8 
22 StoneBar 1120 325 146 8 
23 StoneBar 1065 485 169 8 
24 StoneBar 1113 693 167 8 
25 StoneBar 1113 917 122 8 
26 StoneBar 1233 373 496 8 
27 StoneBar 1504 293 48 8 
28 StoneBar 1793 373 162 8 
29 StoneBar 1769 613 185 8 
30 StoneBar 1697 117 50 8 
31 StoneBar 1785 1029 182 8 
32 StoneBar 2089 597 203 8 
33 StoneBar 2081 214 203 8 
34 StoneBar 1833 853 106 8 
35 Wood 257 278 137 15 
36 Wood 359 230 113 15 
37 Wood 312 374 129 15 
38 Wood 239 869 120 15 
39 Wood 335 902 151 15 
40 Wood 615 421 112 15 
41 Wood 856 326 50 15 
42 Wood 927 277 195 15 
43 Wood 943 453 170 15 
44 Wood 872 518 103 15 
45 Wood 902 837 219 15 
46 Wood 1047 773 74 15 
47 Wood 1303 262 112 15 
48 Wood 1383 214 178 15 
49 Wood 1391 613 98 15 
50 Wood 1240 758 159 15 
51 Wood 1319 822 106 15 
52 Wood 1423 870 67 15 
53 Wood 1407 933 83 15 
54 Wood 1570 981 256 15 
55 Wood 1636 773 189 15 
56 Wood 1569 724 113 15 
57 Wood 1569 612 64 15 
58 Wood 1615 534 187 15 
59 Wood 2176 822 70 15 
60 Wood 2143 710 101 15 
61 Wood 2031 454 218 15 
62 Wood 1872 246 265 15 
