145
1 Bat 348 966 7 16 
2 Bat 773 965 7 16 
3 SharpTrap 729 1069 42 34 
4 SharpTrap 773 1069 42 34 
5 SharpTrap 773 1036 42 34 
6 SharpTrap 730 1037 42 34 
7 BallTrap 1042 1013 33 52 
8 BallTrap 980 1014 33 52 
9 BallTrap 1108 1013 33 52 
10 NormalGuard 1378 1059 44 53 
11 StoneBrick 1294 1029 38 21 
12 StoneBrick 1312 948 38 21 
13 StoneBrick 1249 980 38 21 
14 Bat 1438 949 7 16 
15 BoomSkeleton 1172 843 48 75 
16 StoneBrick 1218 876 38 21 
17 GenieFace 1154 735 38 50 
18 BoomSkeleton 1277 683 48 75 
19 Apple 1071 801 7 7 
20 Apple 1086 738 7 7 
21 Apple 1060 738 7 7 
22 Apple 1073 723 7 7 
23 Apple 1160 640 7 7 
24 StoneBrick 1297 662 38 21 
25 SharpTrap 1336 602 42 34 
26 SharpTrap 1337 571 42 34 
27 StoneBrick 1366 551 38 21 
28 Apple 1378 498 7 7 
29 StoneBrick 1297 500 38 21 
30 GenieJar 1160 454 20 33 
31 NormalGuard 1354 320 44 53 
32 BoomSkeleton 1171 250 48 75 
33 GenieFace 1139 265 38 50 
34 BallTrap 577 500 33 52 
35 BallTrap 689 501 33 52 
36 BallTrap 578 612 33 52 
37 BallTrap 690 612 33 52 
38 BoomSkeleton 956 604 48 75 
39 SharpTrap 1013 668 42 34 
40 SharpTrap 1061 668 42 34 
41 BoomSkeleton 945 762 48 75 
42 NormalGuard 766 864 44 53 
43 Apple 798 833 7 7 
44 Apple 764 818 7 7 
45 Apple 731 833 7 7 
46 BoomSkeleton 598 843 48 75 
47 StoneBrick 657 853 38 21 
48 Apple 510 873 7 7 
49 GenieJar 470 789 20 33 
50 GenieFace 259 816 38 50 
51 StoneBrick 353 789 38 21 
52 StoneBrick 305 740 38 21 
53 StoneBrick 353 693 38 21 
54 StoneBrick 289 644 38 21 
55 NormalGuard 163 504 44 53 
56 SharpTrap 118 651 42 34 
57 Bat 237 416 7 16 
58 NormalGuard 67 656 44 53 
59 GenieFace 7 315 38 50 
60 Bat 94 133 7 16 
61 Peddler 365 321 26 52 
62 StoneBrick 564 261 38 21 
63 StoneBrick 609 213 38 21 
64 StoneBrick 656 181 38 21 
65 StoneBrick 608 133 38 21 
66 StoneBrick 544 101 38 21 
67 Bat 799 295 7 16 
68 GenieJar 729 340 20 33 
69 Ruby 873 270 17 16 
70 NormalGuard 940 224 44 53 
71 Apple 800 174 7 7 
72 Apple 945 135 7 7 
73 Apple 913 151 7 7 
74 NormalGuard 1146 161 44 53 
75 Ruby 1339 220 17 16 
76 Apple 1501 160 7 7 
77 Apple 1471 145 7 7 
78 Apple 1438 160 7 7 
79 GenieFace 1554 34 38 50 
80 Apple 1371 306 7 7 
81 Apple 1404 321 7 7 
82 Apple 1334 322 7 7 
83 StoneBrick 1442 324 38 21 
84 SharpTrap 1508 252 42 34 
85 StoneBrick 1586 325 38 21 
86 StoneBrick 1586 229 38 21 
87 Ruby 1594 269 17 16 
88 GenieJar 1656 340 20 33 
89 StoneBrick 1632 277 38 21 
90 Ruby 1642 220 17 16 
91 StoneBrick 1633 181 38 21 
92 StoneBrick 1586 132 38 21 
93 StoneBrick 1649 102 38 21 
94 Ruby 1739 76 17 16 
95 Ruby 1689 13 17 16 
96 BoomSkeleton 1639 459 48 75 
97 Bat 1774 614 7 16 
98 BoomSkeleton 1704 699 48 75 
99 BoomSkeleton 1801 538 48 75 
100 GenieJar 1863 820 20 33 
101 Apple 1950 785 7 7 
102 Apple 1951 833 7 7 
103 SharpTrap 1717 876 42 34 
104 SharpTrap 1717 908 42 34 
105 SharpTrap 1717 940 42 34 
106 SharpTrap 1717 843 42 34 
107 SharpTrap 1718 810 42 34 
108 StoneBrick 1665 932 38 21 
109 ThinGuard 1627 921 41 60 
110 StoneBrick 1632 885 38 21 
111 Ruby 1591 819 17 16 
112 Apple 1597 1042 7 7 
113 Apple 1613 1057 7 7 
114 Apple 1580 1058 7 7 
115 Apple 1785 1041 7 7 
116 Apple 1597 1071 7 7 
117 NormalGuard 2111 1059 44 53 
118 StoneBrick 1985 1029 38 21 
119 StoneBrick 2048 981 38 21 
120 Apple 2232 1044 7 7 
121 Apple 2212 1062 7 7 
122 Apple 2252 1064 7 7 
123 StoneBrick 2113 951 38 21 
124 StoneBrick 2065 901 38 21 
125 ThinGuard 2195 760 41 60 
126 StoneBrick 2049 821 38 21 
127 StoneBrick 2113 867 38 21 
128 StoneBrick 1984 771 38 21 
129 StoneBrick 2049 725 38 21 
130 NormalGuard 2139 545 44 53 
131 Apple 2174 530 7 7 
132 Apple 2237 530 7 7 
133 Apple 2207 512 7 7 
134 StoneBrick 1987 549 38 21 
135 StoneBrick 1954 501 38 21 
136 GenieJar 1895 341 20 33 
137 StoneBrick 1970 374 38 21 
138 Ruby 2137 398 17 16 
139 Ruby 2102 398 17 16 
140 Ruby 2119 378 17 16 
141 Ruby 2119 418 17 16 
142 SharpTrap 1976 300 42 34 
143 NormalGuard 1987 192 44 53 
144 StoneBrick 1825 309 38 21 
145 Apple 2125 180 7 7 
