0 124
1 18
2 28 29
3 30 31 160
4 35 36 159
5
6 55 56
7
8
9 65
10 115 175 176
11 83 84 85 104
12
13
14
15
16 8 9 10 11
17 16 17 19
18
19 38 156
20 37 157 158
21 52 53 54 100 109 126
22 57 132
23 114 133 145
24 101
25 63 67
26 66 102 103 172 173 174 203
27 81 82
28
29 138
30 99
31
32 5 6 7 111
33 123
34 150
35
36 121
37 44
38 49 50 51
39
40 60 62
41 64 135 168
42 171
43 80 118
44 119 188
45 187 204
46 105 106 107 108
47
48
49 25 130
50 26
51 27 205
52 208
53 43
54
55 117
56 167 197
57 61 166
58 76 149
59 77 78 79
60 148
61 185 186
62 96 97 98 137
63
64 129 195
65 12 13 14 15 154
66 152 153
67 206
68 207
69 40 41 42
70 143 193
71 46 47 48 58 113 194
72 146 165 196
73
74 72 73 74 75
75 128 147
76
77 184
78
79
80
81 112
82 151
83 24 116 141
84 32 131 155
85 33 34 39
86 142
87 45 144
88 59 164
89
90 110 170
91 200 201 202
92 87 88 120
93 182 183
94 92 94 95 140 181
95 93
96 1 2 3 4
97
98 20 21 22 23 122
99
100 190
101 125 191
102 209 210
103 211
104 161 162 163
105 127
106 69 139
107 86 169 198 199
108
109 177 178 180
110 90 179
111
112
113
114
115
116 189
117 192
118
119
120
121 134
122 68 70 71
123
124
125 136
126 89 91
127
