0
1
2
3
4
5 79
6
7
8
9
10 93
11 28 95 97
12
13
14
15
16 3 7 101
17 38 66 104
18 12 39 68 72
19
20
21 17
22 46 83
23 25 86
24 52
25 53 91
26 27 92
27 97
28 62
29 34 111
30
31
32 6 101
33 104
34 37 71
35
36 15 40 76 77
37 16 19 45 78
38
39 24
40 26 89
41 26
42 26
43 26 32 97
44 109
45
46
47
48 2 5 100
49 65 104
50 11 70
51 13 105 11
52 13 11
53 13 43 81
54 13 44 82 106
55 23 85 87
56
57
58 58
59 96 108 97
60
61 33 61 110
62
63
64 1 63 99
65 65
66 10
67 10
68 10
69 10 14 18 73 74
70 20 75
71 22 84 85
72 88
73 51
74 56 57 94
75 31
76 98
77
78 60
79
80 4 102
81 36 64
82 9 67 103 36
83 69
84
85
86 41 42 80
87 84
88 49 50 90
89 48
90 55
91 107
92 30 98
93
94 59
95
96
97
98 8 35
99 8
100 8
101 8
102 8
103 21 84
104
105 47
106 54
107 29
108
109
110
111
112
113
114
115
116
117
118
119
120
121
122
123
124
125
126
127
