111
1 StoneBar 0 709 145 8 
2 StoneBar 0 502 107 8 
3 StoneBar 0 294 107 8 
4 StoneBar 128 757 134 8 
5 StoneBar 128 556 145 8 
6 StoneBar 140 357 124 8 
7 StoneBar 128 237 143 8 
8 StoneBar 449 917 489 8 
9 StoneBar 426 821 192 8 
10 StoneBar 440 709 345 8 
11 StoneBar 424 461 220 8 
12 StoneBar 441 293 119 8 
13 StoneBar 544 589 369 8 
14 StoneBar 759 741 121 8 
15 StoneBar 706 374 89 8 
16 StoneBar 769 341 142 8 
17 StoneBar 769 221 144 8 
18 StoneBar 865 709 94 8 
19 StoneBar 850 317 104 8 
20 StoneBar 944 678 66 8 
21 StoneBar 1113 917 122 8 
22 StoneBar 1124 693 156 8 
23 StoneBar 1065 485 169 8 
24 StoneBar 1120 325 146 8 
25 StoneBar 1098 214 166 8 
26 StoneBar 1233 373 496 8 
27 StoneBar 1504 293 48 8 
28 StoneBar 1697 117 50 8 
29 StoneBar 1785 1029 182 8 
30 StoneBar 1833 853 96 8 
31 StoneBar 1769 613 185 8 
32 StoneBar 1793 373 162 8 
33 StoneBar 2089 597 203 8 
34 StoneBar 2081 214 203 8 
35 Wood 335 902 163 15 
36 Wood 239 869 120 15 
37 Wood 312 374 150 15 
38 Wood 242 278 152 15 
39 Wood 359 230 113 15 
40 Wood 615 421 112 15 
41 Wood 902 837 234 15 
42 Wood 1047 773 89 15 
43 Wood 872 518 103 15 
44 Wood 943 453 170 15 
45 Fence 856 315 50 25 
46 Wood 927 277 210 15 
47 Wood 1407 933 92 15 
48 Wood 1423 870 78 15 
49 Wood 1319 822 106 15 
50 Wood 1240 758 159 15 
51 Wood 1391 613 111 15 
52 Wood 1303 262 112 15 
53 Wood 1383 214 178 15 
54 Wood 1560 981 266 15 
55 Wood 1636 773 189 15 
56 Wood 1559 724 123 15 
57 Wood 1559 612 74 15 
58 Wood 1615 534 187 15 
59 Wood 2176 822 96 15 
60 Wood 2143 710 129 15 
61 Wood 2031 454 241 15 
62 Wood 1872 246 265 15 
63 Fence 128 706 17 52 
64 Fence 241 767 17 103 
65 Fence 240 564 17 193 
66 Fence 240 235 17 121 
67 Fence 336 865 17 40
68 Fence 368 229 17 47 
69 Fence 482 805 17 114 
70 Fence 433 469 17 248 
71 Fence 448 301 17 158 
72 Fence 448 229 17 64 
73 Fence 768 707 17 35 
74 Fence 864 707 17 35 
75 Fence 944 675 17 35 
76 Fence 624 426 17 36 
77 Fence 704 371 17 50 
78 Fence 768 338 17 38 
79 Fence 768 35 17 187 
80 Fence 912 834 17 82 
81 Fence 896 517 17 73 
82 Fence 960 453 17 64 
83 Fence 928 278 17 42 
84 Fence 1121 700 17 219 
85 Fence 1121 493 17 200 
86 Fence 1120 222 17 106 
87 Fence 1090 455 17 34 
88 Fence 1249 692 17 65 
89 Fence 1248 323 17 53 
90 Fence 1329 759 17 64 
91 Fence 1392 216 17 48 
92 Fence 1520 295 17 79 
93 Fence 1536 2 17 210 
94 Fence 1648 718 17 58 
95 Fence 1712 123 17 253 
96 Fence 1776 537 17 80 
97 Fence 1776 2 17 532 
98 Fence 1920 631 17 225 
99 Chains 85 715 13 122 
100 Chains 85 506 10 124 
101 Chains 85 298 10 110 
102 Chains 132 763 10 158 
103 Chains 309 882 10 67 
104 Chains 277 290 10 249 
105 Chains 469 467 10 153 
106 Chains 1045 466 10 119 
107 Chains 1797 786 10 81 
108 Chains 1653 546 10 88 
109 Chains 1925 380 10 128 
110 Chains 2054 465 10 178 
111 Chains 2070 258 10 88 
