211
1 AppleItem 42 1036 18 18 
2 AppleItem 10 1020 18 18 
3 AppleItem 76 1021 18 18 
4 AppleItem 43 1002 18 18 
5 AppleItem 10 446 18 18 
6 AppleItem 70 446 18 18 
7 AppleItem 44 427 18 18 
8 AppleItem 10 222 18 18 
9 AppleItem 29 243 18 18 
10 AppleItem 29 200 18 18 
11 AppleItem 48 221 18 18 
12 AppleItem 154 699 18 18 
13 AppleItem 193 699 18 18 
14 AppleItem 175 720 18 18 
15 AppleItem 174 679 18 18 
16 AppleItem 168 173 18 18 
17 AppleItem 202 172 18 18 
18 AppleItem 185 148 18 18 
19 AppleItem 186 195 18 18 
20 AppleItem 348 1024 18 18 
21 AppleItem 412 1024 18 18 
22 AppleItem 382 1040 18 18 
23 AppleItem 382 1004 18 18 
24 AppleItem 509 862 18 18 
25 AppleItem 299 591 18 18 
26 AppleItem 347 537 18 18 
27 AppleItem 459 524 18 18 
28 AppleItem 428 108 18 18 
29 AppleItem 442 60 18 18 
30 AppleItem 476 26 18 18 
31 AppleItem 522 26 18 18 
32 AppleItem 733 829 18 18 
33 AppleItem 764 812 18 18 
34 AppleItem 793 829 18 18 
35 AppleItem 618 77 18 18 
36 AppleItem 668 125 18 18 
37 AppleItem 620 156 18 18 
38 AppleItem 570 203 18 18 
39 AppleItem 880 861 18 18 
40 AppleItem 779 668 18 18 
41 AppleItem 809 650 18 18 
42 AppleItem 840 667 18 18 
43 AppleItem 760 479 18 18 
44 AppleItem 797 443 18 18 
45 AppleItem 1072 794 18 18 
46 AppleItem 1051 737 18 18 
47 AppleItem 1071 716 18 18 
48 AppleItem 1089 737 18 18 
49 AppleItem 1004 364 18 18 
50 AppleItem 973 380 18 18 
51 AppleItem 1032 381 18 18 
52 AppleItem 797 169 18 18 
53 AppleItem 828 153 18 18 
54 AppleItem 854 169 18 18 
55 AppleItem 943 123 18 18 
56 AppleItem 909 140 18 18 
57 AppleItem 978 162 18 18 
58 AppleItem 1164 637 18 18 
59 AppleItem 1323 891 18 18 
60 AppleItem 1309 443 18 18 
61 AppleItem 1372 525 18 18 
62 AppleItem 1341 314 18 18 
63 AppleItem 1372 299 18 18 
64 AppleItem 1398 315 18 18 
65 AppleItem 1470 140 18 18 
66 AppleItem 1502 158 18 18 
67 AppleItem 1436 157 18 18 
68 AppleItem 1575 1054 18 18 
69 AppleItem 1595 1036 18 18 
70 AppleItem 1596 1069 18 18 
71 AppleItem 1616 1053 18 18 
72 AppleItem 1592 657 18 18 
73 AppleItem 1617 678 18 18 
74 AppleItem 1568 678 18 18 
75 AppleItem 1593 698 18 18 
76 AppleItem 1573 565 18 18 
77 AppleItem 1705 493 18 18 
78 AppleItem 1725 476 18 18 
79 AppleItem 1743 493 18 18 
80 AppleItem 1744 348 18 18 
81 AppleItem 1743 252 18 18 
82 AppleItem 1742 157 18 18 
83 AppleItem 1741 101 18 18 
84 AppleItem 1723 44 18 18 
85 AppleItem 1661 43 18 18 
86 AppleItem 1785 1037 18 18 
87 AppleItem 1947 826 18 18 
88 AppleItem 1948 779 18 18 
89 AppleItem 2239 1052 18 18 
90 AppleItem 2221 1036 18 18 
91 AppleItem 2201 1052 18 18 
92 AppleItem 2235 764 18 18 
93 AppleItem 2251 787 18 18 
94 AppleItem 2236 803 18 18 
95 AppleItem 2218 786 18 18 
96 AppleItem 2236 529 18 18 
97 AppleItem 2205 508 18 18 
98 AppleItem 2171 529 18 18 
99 AppleItem 2124 165 18 18 
100 Ruby 885 268 17 16 
101 Ruby 1344 220 17 16 
102 Ruby 1598 267 17 16 
103 Ruby 1641 222 17 16 
104 Ruby 1693 15 17 16 
105 Ruby 2124 416 17 16 
106 Ruby 2103 400 17 16 
107 Ruby 2145 401 17 16 
108 Ruby 2124 384 17 16 
109 BlueHeart 792 299 19 24 
110 BlueHeart 1590 812 19 24 
111 GenieFace 5 314 38 50 
112 GenieFace 262 816 38 50 
113 GenieFace 1146 737 38 50 
114 GenieFace 1141 269 38 50 
115 GenieFace 1557 47 38 50 
116 GenieJar 469 788 20 33 
117 GenieJar 1159 451 20 33 
118 GenieJar 1650 339 20 33 
119 GenieJar 1890 339 20 33 
120 GenieJar 1863 819 20 33 
121 GenieJar 728 340 20 33 
122 Bat 348 965 7 16 
123 Bat 240 400 7 16 
124 Bat 96 129 7 16 
125 Bat 767 965 7 16 
126 Bat 766 241 7 16 
127 Bat 1437 948 7 16 
128 Bat 1774 613 7 16 
129 NormalGuard 12 656 44 53 
130 NormalGuard 164 504 44 53 
131 NormalGuard 744 863 44 53 
132 NormalGuard 984 223 44 53 
133 NormalGuard 1160 160 44 53 
134 NormalGuard 1366 1054 44 53 
135 NormalGuard 1357 320 44 53 
136 NormalGuard 2083 1053 44 53 
137 NormalGuard 2123 543 44 53 
138 NormalGuard 1951 192 44 53 
139 ThinGuard 1587 920 41 60 
140 ThinGuard 2180 760 41 60 
141 BoomSkeleton 597 843 48 75 
142 BoomSkeleton 926 762 48 75 
143 BoomSkeleton 957 603 48 75 
144 BoomSkeleton 1150 843 48 75 
145 BoomSkeleton 1197 250 48 75 
146 BoomSkeleton 1347 681 48 75 
147 BoomSkeleton 1722 698 48 75 
148 BoomSkeleton 1827 539 48 75 
149 BoomSkeleton 1635 458 48 75 
150 Peddler 377 320 26 52 
151 StoneBrick 353 789 38 21 
152 StoneBrick 304 740 38 21 
153 StoneBrick 353 692 38 21 
154 StoneBrick 289 643 38 21 
155 StoneBrick 658 852 38 21 
156 StoneBrick 560 260 38 21 
157 StoneBrick 610 212 38 21 
158 StoneBrick 657 180 38 21 
159 StoneBrick 609 132 38 21 
160 StoneBrick 545 100 38 21 
161 StoneBrick 1296 1028 38 21 
162 StoneBrick 1249 980 38 21 
163 StoneBrick 1312 948 38 21 
164 StoneBrick 1218 867 38 21 
165 StoneBrick 1297 660 38 21 
166 StoneBrick 1361 548 38 21 
167 StoneBrick 1296 502 38 21 
168 StoneBrick 1442 324 38 21 
169 StoneBrick 1665 932 38 21 
170 StoneBrick 1633 884 38 21 
171 StoneBrick 1586 324 38 21 
172 StoneBrick 1632 275 38 21 
173 StoneBrick 1585 228 38 21 
174 StoneBrick 1632 180 38 21 
175 StoneBrick 1585 132 38 21 
176 StoneBrick 1649 100 38 21 
177 StoneBrick 1985 1027 38 21 
178 StoneBrick 2049 980 38 21 
179 StoneBrick 2113 950 38 21 
180 StoneBrick 2065 900 38 21 
181 StoneBrick 2113 868 38 21 
182 StoneBrick 2049 820 38 21 
183 StoneBrick 1985 773 38 21 
184 StoneBrick 2050 724 38 21 
185 StoneBrick 1986 549 38 21 
186 StoneBrick 1953 500 38 21 
187 StoneBrick 1970 373 38 21 
188 StoneBrick 1825 309 38 21 
189 SharpTrap 725 1067 42 34 
190 SharpTrap 726 1035 42 34 
191 SharpTrap 773 1035 42 34 
192 SharpTrap 773 1068 42 34 
193 SharpTrap 1014 667 42 34 
194 SharpTrap 1061 667 42 34 
195 SharpTrap 118 651 42 34 
196 SharpTrap 1334 603 42 34 
197 SharpTrap 1335 571 42 34 
198 SharpTrap 1718 940 42 34 
199 SharpTrap 1718 907 42 34 
200 SharpTrap 1719 876 42 34 
201 SharpTrap 1720 843 42 34 
202 SharpTrap 1721 812 42 34 
203 SharpTrap 1510 252 42 34 
204 SharpTrap 1973 300 42 34 
205 BallTrap 577 500 33 52 
206 BallTrap 579 613 33 52 
207 BallTrap 689 613 33 52 
208 BallTrap 688 502 33 52 
209 BallTrap 977 1013 33 52 
210 BallTrap 1041 1013 33 52 
211 BallTrap 1106 1013 33 52 
